0  0.0     1.67E-1 1.47E-1 0.0     0.0   0.0   Single-phase
1  3.93E-5 1.67E-1 1.47E-1 2.94E-2 0.166 0.154 Bubble
2  7.87E-5 1.67E-1 1.47E-1 5.88E-2 0.286 0.253 Bubble
3  1.18E-4 1.67E-1 1.47E-1 8.82E-2 0.375 0.322 Bubble
4  1.57E-4 1.67E-1 1.47E-1 1.18E-1 0.444 0.375 Bubble/slug
5  1.97E-4 1.67E-1 1.47E-1 1.47E-1 0.500 0.415 Bubble/slug
6  3.93E-4 1.67E-1 1.47E-1 2.94E-1 0.665 0.537 Slug
7  5.90E-4 1.67E-1 1.47E-1 4.41E-1 0.750 0.601 Slug/churn
8  7.87E-4 1.67E-1 1.47E-1 5.88E-1 0.800 0.643 Churn
9  9.83E-4 1.67E-1 1.47E-1 7.35E-1 0.833 0.673 Churn
10 1.18E-3 1.67E-1 1.47E-1 8.82E-1 0.857 0.696 Churn
11 1.38E-3 1.67E-1 1.47E-1 1.03E0  0.875 0.714 Churn
12 1.57E-3 1.67E-1 1.47E-1 1.18E0  0.888 0.723 Churn
13 1.77E-3 1.67E-1 1.47E-1 1.32E0  0.900 0.742 Churn
14 1.97E-3 1.67E-1 1.47E-1 1.47E0  0.909 0.753 Churn
