// Points

160
(

// min z
(0.0006 0 0)
(0.0018 0 0)
(0.00305 0 0)
(0.0043 0 0)
(0.0055 0 0)
(0.0067 0 0)
(0.0079 0 0)
(0.00915 0 0)
(0.0104 0 0)
(0.0116 0 0)
(0.0128 0 0)
(0.014 0 0)
(0.01525 0 0)
(0.0165 0 0)
(0.0177 0 0)
(0.0189 0 0)
(0.02015 0 0)
(0.0214 0 0)
(0.0226 0 0)
(0.0238 0 0)
(0.025 0 0)
(0.02625 0 0)
(0.0275 0 0)
(0.0287 0 0)
(0.0299 0 0)
(0.0311 0 0)
(0.03235 0 0)
(0.0336 0 0)
(0.0348 0 0)
(0.036 0 0)
(0.0372 0 0)
(0.03845 0 0)
(0.0397 0 0)
(0.0409 0 0)
(0.0421 0 0)
(0.0433 0 0)
(0.04455 0 0)
(0.0458 0 0)
(0.047 0 0)
(0.0482 0 0)
(0.0494 0 0)
(0.05065 0 0)
(0.0519 0 0)
(0.0531 0 0)
(0.0543 0 0)
(0.0555 0 0)
(0.05675 0 0)
(0.058 0 0)
(0.0592 0 0)
(0.0604 0 0)
(0.06165 0 0)
(0.0629 0 0)
(0.0641 0 0)
(0.0653 0 0)
(0.0665 0 0)
(0.06775 0 0)
(0.069 0 0)
(0.0702 0 0)
(0.0714 0 0)
(0.0726 0 0)
(0.07385 0 0)
(0.0751 0 0)
(0.0763 0 0)
(0.0775 0 0)
(0.0787 0 0)
(0.07995 0 0)
(0.0812 0 0)
(0.0824 0 0)
(0.0836 0 0)
(0.0848 0 0)
(0.08605 0 0)
(0.0873 0 0)
(0.0885 0 0)
(0.0897 0 0)
(0.0909 0 0)
(0.09215 0 0)
(0.0934 0 0)
(0.0946 0 0)
(0.0958 0 0)
(0.09705 0 0)

// max z
(0.0006 0 0.01)
(0.0018 0 0.01)
(0.00305 0 0.01)
(0.0043 0 0.01)
(0.0055 0 0.01)
(0.0067 0 0.01)
(0.0079 0 0.01)
(0.00915 0 0.01)
(0.0104 0 0.01)
(0.0116 0 0.01)
(0.0128 0 0.01)
(0.014 0 0.01)
(0.01525 0 0.01)
(0.0165 0 0.01)
(0.0177 0 0.01)
(0.0189 0 0.01)
(0.02015 0 0.01)
(0.0214 0 0.01)
(0.0226 0 0.01)
(0.0238 0 0.01)
(0.025 0 0.01)
(0.02625 0 0.01)
(0.0275 0 0.01)
(0.0287 0 0.01)
(0.0299 0 0.01)
(0.0311 0 0.01)
(0.03235 0 0.01)
(0.0336 0 0.01)
(0.0348 0 0.01)
(0.036 0 0.01)
(0.0372 0 0.01)
(0.03845 0 0.01)
(0.0397 0 0.01)
(0.0409 0 0.01)
(0.0421 0 0.01)
(0.0433 0 0.01)
(0.04455 0 0.01)
(0.0458 0 0.01)
(0.047 0 0.01)
(0.0482 0 0.01)
(0.0494 0 0.01)
(0.05065 0 0.01)
(0.0519 0 0.01)
(0.0531 0 0.01)
(0.0543 0 0.01)
(0.0555 0 0.01)
(0.05675 0 0.01)
(0.058 0 0.01)
(0.0592 0 0.01)
(0.0604 0 0.01)
(0.06165 0 0.01)
(0.0629 0 0.01)
(0.0641 0 0.01)
(0.0653 0 0.01)
(0.0665 0 0.01)
(0.06775 0 0.01)
(0.069 0 0.01)
(0.0702 0 0.01)
(0.0714 0 0.01)
(0.0726 0 0.01)
(0.07385 0 0.01)
(0.0751 0 0.01)
(0.0763 0 0.01)
(0.0775 0 0.01)
(0.0787 0 0.01)
(0.07995 0 0.01)
(0.0812 0 0.01)
(0.0824 0 0.01)
(0.0836 0 0.01)
(0.0848 0 0.01)
(0.08605 0 0.01)
(0.0873 0 0.01)
(0.0885 0 0.01)
(0.0897 0 0.01)
(0.0909 0 0.01)
(0.09215 0 0.01)
(0.0934 0 0.01)
(0.0946 0 0.01)
(0.0958 0 0.01)
(0.09705 0 0.01)

)
