(
(1.6978E-03	1.1802E-03 )
(8.2343E-03	5.9630E-03 )
(1.5280E-02	6.2052E-02)
(2.3769E-02	5.5841E-02)
(3.1664E-02	5.9692E-02 )
(3.9049E-02	2.8510E-02 )
(4.6689E-02	7.0686E-02 )
(5.4839E-02	1.1323E-01 )
(6.2988E-02	8.2612E-02 )
(7.0458E-02	1.6125E-01 )
(7.7504E-02	2.0299E-01 )
(8.0815E-02	3.1517E-01 )
(8.2598E-02	1.1945E+00 )
(8.4126E-02	2.1469E+00 )
(8.4890E-02	3.3181E+00 )
(8.5654E-02	4.5992E+00 )
(8.6078E-02	5.6605E+00 )
(8.6757E-02	6.9049E+00 )
(8.7182E-02	8.3686E+00 )
(8.7776E-02	9.6861E+00 )
(8.7946E-02	1.1296E+01 )
(8.8115E-02	1.2613E+01 )
(8.8370E-02	1.4004E+01 )
(8.8879E-02	1.5504E+01 )
(8.9389E-02	1.7114E+01 )
(8.9559E-02	1.8651E+01 )
(9.0492E-02	1.9786E+01 )
(9.1341E-02	2.0555E+01 )
(9.2615E-02	2.0226E+01 )
(9.3124E-02	1.9129E+01 )
(9.3209E-02	1.7702E+01 )
(9.3548E-02	1.6203E+01 )
(9.3888E-02	1.4191E+01 )
(9.4397E-02	1.2398E+01 )
(9.4737E-02	1.0899E+01 )
(9.4992E-02	9.3255E+00 )
(9.5501E-02	7.8259E+00 )
(9.5925E-02	6.7287E+00 )
(9.6350E-02	5.5948E+00 )
(9.6859E-02	4.7172E+00 )
)
